# r_au r_arcsec Inu_beam sig_beam  Tb sig_Tb Tb2 sig_Tb2
5.0000E-01   4.1322E-03    1.6524E-03   2.7093E-05    2.5541E+01   4.1877E-01   3.0922E+01   4.2359E-01   
1.5000E+00   1.2397E-02    1.5706E-03   3.2474E-05    2.4276E+01   5.0194E-01   2.9642E+01   5.0824E-01   
2.5000E+00   2.0661E-02    1.4290E-03   3.3299E-05    2.2088E+01   5.1469E-01   2.7424E+01   5.2224E-01   
3.5000E+00   2.8926E-02    1.2451E-03   3.2653E-05    1.9245E+01   5.0471E-01   2.4535E+01   5.1397E-01   
4.5000E+00   3.7190E-02    1.0278E-03   2.9881E-05    1.5886E+01   4.6186E-01   2.1104E+01   4.7335E-01   
5.5000E+00   4.5455E-02    8.0240E-04   2.8740E-05    1.2402E+01   4.4423E-01   1.7516E+01   4.6034E-01   
6.5000E+00   5.3719E-02    5.9045E-04   2.3748E-05    9.1264E+00   3.6707E-01   1.4092E+01   3.8780E-01   
7.5000E+00   6.1983E-02    4.3413E-04   1.8698E-05    6.7102E+00   2.8901E-01   1.1508E+01   3.1376E-01   
8.5000E+00   7.0248E-02    3.6676E-04   1.5221E-05    5.6689E+00   2.3527E-01   1.0367E+01   2.6028E-01   
9.5000E+00   7.8512E-02    3.9811E-04   1.6889E-05    6.1535E+00   2.6105E-01   1.0901E+01   2.8606E-01   
1.0500E+01   8.6777E-02    5.0233E-04   2.0473E-05    7.7644E+00   3.1645E-01   1.2644E+01   3.3877E-01   
1.1500E+01   9.5041E-02    6.3516E-04   2.1423E-05    9.8175E+00   3.3113E-01   1.4820E+01   3.4800E-01   
1.2500E+01   1.0331E-01    7.4855E-04   1.9743E-05    1.1570E+01   3.0516E-01   1.6652E+01   3.1742E-01   
1.3500E+01   1.1157E-01    8.1227E-04   1.7163E-05    1.2555E+01   2.6528E-01   1.7674E+01   2.7473E-01   
1.4500E+01   1.1983E-01    8.2135E-04   1.4331E-05    1.2695E+01   2.2151E-01   1.7819E+01   2.2927E-01   
1.5500E+01   1.2810E-01    7.9146E-04   1.2096E-05    1.2233E+01   1.8696E-01   1.7340E+01   1.9388E-01   
1.6500E+01   1.3636E-01    7.4202E-04   9.2855E-06    1.1469E+01   1.4352E-01   1.6547E+01   1.4936E-01   
1.7500E+01   1.4463E-01    6.9696E-04   6.8469E-06    1.0773E+01   1.0583E-01   1.5820E+01   1.1055E-01   
1.8500E+01   1.5289E-01    6.5974E-04   6.5564E-06    1.0197E+01   1.0134E-01   1.5218E+01   1.0623E-01   
1.9500E+01   1.6116E-01    6.2129E-04   7.6505E-06    9.6031E+00   1.1825E-01   1.4594E+01   1.2446E-01   
2.0500E+01   1.6942E-01    5.7718E-04   7.9901E-06    8.9213E+00   1.2350E-01   1.3875E+01   1.3070E-01   
2.1500E+01   1.7769E-01    5.3037E-04   7.4838E-06    8.1978E+00   1.1567E-01   1.3107E+01   1.2325E-01   
2.2500E+01   1.8595E-01    4.9239E-04   6.3268E-06    7.6107E+00   9.7791E-02   1.2479E+01   1.0487E-01   
2.3500E+01   1.9421E-01    4.7624E-04   5.3748E-06    7.3611E+00   8.3077E-02   1.2211E+01   8.9367E-02   
2.4500E+01   2.0248E-01    4.8199E-04   5.5518E-06    7.4500E+00   8.5813E-02   1.2307E+01   9.2207E-02   
2.5500E+01   2.1074E-01    5.0232E-04   5.7054E-06    7.7642E+00   8.8187E-02   1.2644E+01   9.4403E-02   
2.6500E+01   2.1901E-01    5.2187E-04   5.4975E-06    8.0664E+00   8.4973E-02   1.2966E+01   9.0660E-02   
2.7500E+01   2.2727E-01    5.3197E-04   5.1809E-06    8.2225E+00   8.0080E-02   1.3133E+01   8.5301E-02   
2.8500E+01   2.3554E-01    5.2983E-04   4.8010E-06    8.1894E+00   7.4208E-02   1.3098E+01   7.9073E-02   
2.9500E+01   2.4380E-01    5.1894E-04   4.4782E-06    8.0211E+00   6.9218E-02   1.2918E+01   7.3886E-02   
3.0500E+01   2.5207E-01    5.0187E-04   4.1518E-06    7.7573E+00   6.4173E-02   1.2636E+01   6.8702E-02   
3.1500E+01   2.6033E-01    4.8145E-04   3.9289E-06    7.4416E+00   6.0728E-02   1.2298E+01   6.5260E-02   
3.2500E+01   2.6860E-01    4.6073E-04   3.7452E-06    7.1214E+00   5.7888E-02   1.1953E+01   6.2469E-02   
3.3500E+01   2.7686E-01    4.4439E-04   3.5008E-06    6.8688E+00   5.4111E-02   1.1680E+01   5.8601E-02   
3.4500E+01   2.8512E-01    4.3481E-04   3.1513E-06    6.7207E+00   4.8709E-02   1.1519E+01   5.2868E-02   
3.5500E+01   2.9339E-01    4.3412E-04   3.0387E-06    6.7101E+00   4.6968E-02   1.1508E+01   5.0988E-02   
3.6500E+01   3.0165E-01    4.3980E-04   3.3478E-06    6.7979E+00   5.1746E-02   1.1603E+01   5.6099E-02   
3.7500E+01   3.0992E-01    4.4651E-04   3.5438E-06    6.9016E+00   5.4775E-02   1.1715E+01   5.9293E-02   
3.8500E+01   3.1818E-01    4.4973E-04   3.4320E-06    6.9513E+00   5.3047E-02   1.1769E+01   5.7381E-02   
3.9500E+01   3.2645E-01    4.4764E-04   3.3083E-06    6.9190E+00   5.1135E-02   1.1734E+01   5.5339E-02   
4.0500E+01   3.3471E-01    4.3964E-04   3.1989E-06    6.7954E+00   4.9444E-02   1.1600E+01   5.3606E-02   
4.1500E+01   3.4298E-01    4.2643E-04   3.0317E-06    6.5912E+00   4.6860E-02   1.1378E+01   5.0965E-02   
4.2500E+01   3.5124E-01    4.0914E-04   3.0860E-06    6.3240E+00   4.7699E-02   1.1087E+01   5.2108E-02   
4.3500E+01   3.5950E-01    3.8928E-04   3.2458E-06    6.0170E+00   5.0169E-02   1.0751E+01   5.5112E-02   
4.4500E+01   3.6777E-01    3.6665E-04   3.2957E-06    5.6672E+00   5.0941E-02   1.0365E+01   5.6355E-02   
4.5500E+01   3.7603E-01    3.4343E-04   3.1310E-06    5.3083E+00   4.8395E-02   9.9666E+00   5.3977E-02   
4.6500E+01   3.8430E-01    3.1927E-04   3.0005E-06    4.9349E+00   4.6378E-02   9.5481E+00   5.2230E-02   
4.7500E+01   3.9256E-01    2.9302E-04   2.9676E-06    4.5291E+00   4.5869E-02   9.0885E+00   5.2290E-02   
4.8500E+01   4.0083E-01    2.6596E-04   3.0501E-06    4.1109E+00   4.7144E-02   8.6082E+00   5.4545E-02   
4.9500E+01   4.0909E-01    2.4008E-04   2.9925E-06    3.7108E+00   4.6254E-02   8.1416E+00   5.4428E-02   
5.0500E+01   4.1736E-01    2.1309E-04   2.8323E-06    3.2937E+00   4.3778E-02   7.6456E+00   5.2630E-02   
5.1500E+01   4.2562E-01    1.8451E-04   2.7651E-06    2.8519E+00   4.2739E-02   7.1073E+00   5.2859E-02   
5.2500E+01   4.3388E-01    1.5500E-04   2.6686E-06    2.3958E+00   4.1248E-02   6.5328E+00   5.2995E-02   
5.3500E+01   4.4215E-01    1.2469E-04   2.6138E-06    1.9273E+00   4.0401E-02   5.9154E+00   5.4756E-02   
5.4500E+01   4.5041E-01    9.4089E-05   2.5871E-06    1.4543E+00   3.9988E-02   5.2503E+00   5.8652E-02   
5.5500E+01   4.5868E-01    6.6140E-05   2.6513E-06    1.0223E+00   4.0980E-02   4.5822E+00   6.7391E-02   
5.6500E+01   4.6694E-01    4.2266E-05   2.6873E-06    6.5329E-01   4.1537E-02   3.9268E+00   8.0910E-02   
5.7500E+01   4.7521E-01    2.3347E-05   2.7142E-06    3.6087E-01   4.1953E-02   3.2864E+00   1.0633E-01   
5.8500E+01   4.8347E-01    1.0854E-05   2.6140E-06    1.6777E-01   4.0404E-02   2.7054E+00   1.5289E-01   
5.9500E+01   4.9174E-01    4.4340E-06   2.4939E-06    6.8535E-02   3.8547E-02   2.2375E+00   2.6061E-01   
6.0500E+01   5.0000E-01    2.9403E-06   2.4985E-06    4.5447E-02   3.8619E-02   2.0722E+00   3.9269E-01   
6.1500E+01   5.0826E-01    5.5458E-06   2.6046E-06    8.5720E-02   4.0259E-02   2.3389E+00   2.3194E-01   
6.2500E+01   5.1653E-01    1.1036E-05   2.6052E-06    1.7058E-01   4.0268E-02   2.7159E+00   1.5093E-01   
6.3500E+01   5.2479E-01    1.7748E-05   2.5398E-06    2.7433E-01   3.9257E-02   3.0530E+00   1.1391E-01   
6.4500E+01   5.3306E-01    2.4980E-05   2.5380E-06    3.8611E-01   3.9229E-02   3.3493E+00   9.6268E-02   
6.5500E+01   5.4132E-01    3.3238E-05   2.6591E-06    5.1375E-01   4.1101E-02   3.6416E+00   8.8606E-02   
6.6500E+01   5.4959E-01    4.4440E-05   2.8063E-06    6.8690E-01   4.3376E-02   3.9915E+00   8.2802E-02   
6.7500E+01   5.5785E-01    5.9000E-05   2.9102E-06    9.1195E-01   4.4982E-02   4.3972E+00   7.7047E-02   
6.8500E+01   5.6612E-01    8.0006E-05   3.0373E-06    1.2366E+00   4.6947E-02   4.9231E+00   7.2427E-02   
6.9500E+01   5.7438E-01    1.0867E-04   3.2034E-06    1.6797E+00   4.9514E-02   5.5738E+00   6.9652E-02   
7.0500E+01   5.8264E-01    1.4184E-04   3.2763E-06    2.1924E+00   5.0641E-02   6.2687E+00   6.6444E-02   
7.1500E+01   5.9091E-01    1.7303E-04   3.2293E-06    2.6745E+00   4.9914E-02   6.8863E+00   6.2576E-02   
7.2500E+01   5.9917E-01    1.9784E-04   3.1641E-06    3.0580E+00   4.8907E-02   7.3602E+00   5.9641E-02   
7.3500E+01   6.0744E-01    2.1354E-04   2.9981E-06    3.3006E+00   4.6341E-02   7.6540E+00   5.5688E-02   
7.4500E+01   6.1570E-01    2.1685E-04   2.7320E-06    3.3518E+00   4.2228E-02   7.7154E+00   5.0601E-02   
7.5500E+01   6.2397E-01    2.0587E-04   2.5832E-06    3.1821E+00   3.9928E-02   7.5110E+00   4.8315E-02   
7.6500E+01   6.3223E-01    1.8290E-04   2.5626E-06    2.8270E+00   3.9609E-02   7.0764E+00   4.9077E-02   
7.7500E+01   6.4050E-01    1.5214E-04   2.5770E-06    2.3516E+00   3.9832E-02   6.4759E+00   5.1397E-02   
7.8500E+01   6.4876E-01    1.1984E-04   2.5933E-06    1.8523E+00   4.0084E-02   5.8133E+00   5.4898E-02   
7.9500E+01   6.5702E-01    9.1009E-05   2.4759E-06    1.4067E+00   3.8269E-02   5.1801E+00   5.6698E-02   
8.0500E+01   6.6529E-01    6.8418E-05   2.2689E-06    1.0575E+00   3.5070E-02   4.6398E+00   5.6996E-02   
8.1500E+01   6.7355E-01    5.1318E-05   2.1636E-06    7.9321E-01   3.3442E-02   4.1886E+00   6.0333E-02   
8.2500E+01   6.8182E-01    3.7537E-05   2.0238E-06    5.8020E-01   3.1281E-02   3.7810E+00   6.3989E-02   
8.3500E+01   6.9008E-01    2.7075E-05   1.9809E-06    4.1849E-01   3.0618E-02   3.4271E+00   7.2337E-02   
8.4500E+01   6.9835E-01    2.0615E-05   1.9067E-06    3.1864E-01   2.9471E-02   3.1764E+00   7.9260E-02   
8.5500E+01   7.0661E-01    1.7583E-05   1.8499E-06    2.7178E-01   2.8593E-02   3.0456E+00   8.3250E-02   
8.6500E+01   7.1488E-01    1.5376E-05   1.8337E-06    2.3766E-01   2.8343E-02   2.9431E+00   8.8420E-02   
8.7500E+01   7.2314E-01    1.2799E-05   1.8161E-06    1.9783E-01   2.8071E-02   2.8131E+00   9.6540E-02   
8.8500E+01   7.3140E-01    9.9300E-06   1.8260E-06    1.5349E-01   2.8224E-02   2.6506E+00   1.1176E-01   
8.9500E+01   7.3967E-01    7.5739E-06   1.8541E-06    1.1707E-01   2.8658E-02   2.4961E+00   1.3299E-01   
9.0500E+01   7.4793E-01    7.2638E-06   1.8808E-06    1.1227E-01   2.9071E-02   2.4739E+00   1.3840E-01   
9.1500E+01   7.5620E-01    9.2279E-06   1.8452E-06    1.4263E-01   2.8521E-02   2.6070E+00   1.1780E-01   
9.2500E+01   7.6446E-01    1.1953E-05   1.8312E-06    1.8475E-01   2.8304E-02   2.7674E+00   1.0105E-01   
9.3500E+01   7.7273E-01    1.4196E-05   1.8439E-06    2.1942E-01   2.8501E-02   2.8851E+00   9.2731E-02   
9.4500E+01   7.8099E-01    1.5762E-05   1.7680E-06    2.4363E-01   2.7327E-02   2.9615E+00   8.4146E-02   
9.5500E+01   7.8926E-01    1.6197E-05   1.5985E-06    2.5035E-01   2.4708E-02   2.9820E+00   7.4990E-02   
9.6500E+01   7.9752E-01    1.5715E-05   1.5911E-06    2.4290E-01   2.4593E-02   2.9593E+00   7.5817E-02   
9.7500E+01   8.0579E-01    1.5789E-05   1.7137E-06    2.4405E-01   2.6488E-02   2.9628E+00   8.1480E-02   
9.8500E+01   8.1405E-01    1.5702E-05   1.7053E-06    2.4270E-01   2.6358E-02   2.9587E+00   8.1312E-02   
9.9500E+01   8.2231E-01    1.4271E-05   1.6140E-06    2.2058E-01   2.4947E-02   2.8889E+00   8.0895E-02   
1.0050E+02   8.3058E-01    1.1628E-05   1.5953E-06    1.7973E-01   2.4658E-02   2.7494E+00   8.9291E-02   
1.0150E+02   8.3884E-01    8.2450E-06   1.6121E-06    1.2744E-01   2.4918E-02   2.5426E+00   1.0969E-01   
1.0250E+02   8.4711E-01    5.2579E-06   1.6316E-06    8.1270E-02   2.5219E-02   2.3139E+00   1.4638E-01   
1.0350E+02   8.5537E-01    3.7624E-06   1.6204E-06    5.8154E-02   2.5046E-02   2.1684E+00   1.8222E-01   
1.0450E+02   8.6364E-01    3.3089E-06   1.6359E-06    5.1145E-02   2.5286E-02   2.1172E+00   2.0232E-01   
1.0550E+02   8.7190E-01    2.8286E-06   1.6671E-06    4.3721E-02   2.5768E-02   2.0579E+00   2.3419E-01   
1.0650E+02   8.8017E-01    2.2463E-06   1.7157E-06    3.4720E-02   2.6519E-02   1.9764E+00   3.0317E-01   
1.0750E+02   8.8843E-01    3.0526E-06   1.7550E-06    4.7183E-02   2.7127E-02   2.0863E+00   2.3355E-01   
1.0850E+02   8.9669E-01    5.6266E-06   1.7806E-06    8.6969E-02   2.7522E-02   2.3457E+00   1.5343E-01   
1.0950E+02   9.0496E-01    1.0282E-05   1.7482E-06    1.5893E-01   2.7021E-02   2.6718E+00   1.0486E-01   
1.1050E+02   9.1322E-01    1.6360E-05   1.6743E-06    2.5287E-01   2.5879E-02   2.9896E+00   7.8152E-02   
1.1150E+02   9.2149E-01    2.4608E-05   1.6810E-06    3.8036E-01   2.5983E-02   3.3351E+00   6.4163E-02   
1.1250E+02   9.2975E-01    3.6285E-05   1.7841E-06    5.6085E-01   2.7576E-02   3.7412E+00   5.7221E-02   
1.1350E+02   9.3802E-01    5.2515E-05   1.8594E-06    8.1171E-01   2.8740E-02   4.2218E+00   5.1394E-02   
1.1450E+02   9.4628E-01    7.2783E-05   1.8929E-06    1.1250E+00   2.9258E-02   4.7483E+00   4.6561E-02   
1.1550E+02   9.5455E-01    9.6739E-05   1.9640E-06    1.4953E+00   3.0357E-02   5.3101E+00   4.4157E-02   
1.1650E+02   9.6281E-01    1.2231E-04   2.0253E-06    1.8905E+00   3.1304E-02   5.8655E+00   4.2642E-02   
1.1750E+02   9.7107E-01    1.4610E-04   2.0085E-06    2.2582E+00   3.1045E-02   6.3548E+00   4.0443E-02   
1.1850E+02   9.7934E-01    1.6410E-04   1.9289E-06    2.5364E+00   2.9814E-02   6.7123E+00   3.7813E-02   
1.1950E+02   9.8760E-01    1.7434E-04   1.8223E-06    2.6947E+00   2.8167E-02   6.9117E+00   3.5254E-02   
1.2050E+02   9.9587E-01    1.7616E-04   1.7525E-06    2.7229E+00   2.7088E-02   6.9469E+00   3.3828E-02   
1.2150E+02   1.0041E+00    1.6956E-04   1.7646E-06    2.6208E+00   2.7275E-02   6.8189E+00   3.4343E-02   
1.2250E+02   1.0124E+00    1.5698E-04   1.8282E-06    2.4264E+00   2.8258E-02   6.5720E+00   3.6199E-02   
1.2350E+02   1.0207E+00    1.4069E-04   1.9140E-06    2.1746E+00   2.9584E-02   6.2454E+00   3.8892E-02   
1.2450E+02   1.0289E+00    1.2242E-04   1.9178E-06    1.8922E+00   2.9643E-02   5.8678E+00   4.0369E-02   
1.2550E+02   1.0372E+00    1.0392E-04   1.7960E-06    1.6063E+00   2.7760E-02   5.4698E+00   3.9546E-02   
1.2650E+02   1.0455E+00    8.7626E-05   1.6953E-06    1.3544E+00   2.6204E-02   5.1022E+00   3.9276E-02   
1.2750E+02   1.0537E+00    7.4032E-05   1.5975E-06    1.1443E+00   2.4692E-02   4.7789E+00   3.9071E-02   
1.2850E+02   1.0620E+00    6.2403E-05   1.5546E-06    9.6454E-01   2.4029E-02   4.4863E+00   4.0328E-02   
1.2950E+02   1.0702E+00    5.2037E-05   1.5368E-06    8.0432E-01   2.3754E-02   4.2086E+00   4.2623E-02   
1.3050E+02   1.0785E+00    4.3449E-05   1.5562E-06    6.7158E-01   2.4054E-02   3.9622E+00   4.6320E-02   
1.3150E+02   1.0868E+00    3.7021E-05   1.5864E-06    5.7222E-01   2.4521E-02   3.7647E+00   5.0446E-02   
1.3250E+02   1.0950E+00    3.1837E-05   1.6105E-06    4.9210E-01   2.4893E-02   3.5945E+00   5.4660E-02   
1.3350E+02   1.1033E+00    2.8363E-05   1.5753E-06    4.3840E-01   2.4349E-02   3.4737E+00   5.6302E-02   
1.3450E+02   1.1116E+00    2.6500E-05   1.5369E-06    4.0960E-01   2.3755E-02   3.4061E+00   5.6665E-02   
1.3550E+02   1.1198E+00    2.5679E-05   1.4953E-06    3.9691E-01   2.3112E-02   3.3756E+00   5.5941E-02   
1.3650E+02   1.1281E+00    2.4649E-05   1.4785E-06    3.8099E-01   2.2853E-02   3.3367E+00   5.6381E-02   
1.3750E+02   1.1364E+00    2.3943E-05   1.4259E-06    3.7008E-01   2.2040E-02   3.3096E+00   5.5124E-02   
1.3850E+02   1.1446E+00    2.3731E-05   1.3909E-06    3.6680E-01   2.1499E-02   3.3014E+00   5.3997E-02   
1.3950E+02   1.1529E+00    2.4673E-05   1.3399E-06    3.8136E-01   2.0710E-02   3.3376E+00   5.1068E-02   
1.4050E+02   1.1612E+00    2.6210E-05   1.2877E-06    4.0512E-01   1.9904E-02   3.3953E+00   4.7713E-02   
1.4150E+02   1.1694E+00    2.6714E-05   1.2965E-06    4.1291E-01   2.0040E-02   3.4139E+00   4.7619E-02   
1.4250E+02   1.1777E+00    2.5977E-05   1.2998E-06    4.0152E-01   2.0091E-02   3.3867E+00   4.8362E-02   
1.4350E+02   1.1860E+00    2.4006E-05   1.2729E-06    3.7105E-01   1.9675E-02   3.3120E+00   4.9143E-02   
1.4450E+02   1.1942E+00    2.1709E-05   1.2377E-06    3.3555E-01   1.9131E-02   3.2213E+00   5.0138E-02   
1.4550E+02   1.2025E+00    2.0249E-05   1.2688E-06    3.1298E-01   1.9611E-02   3.1612E+00   5.3173E-02   
1.4650E+02   1.2107E+00    1.8919E-05   1.3183E-06    2.9243E-01   2.0377E-02   3.1045E+00   5.7139E-02   
1.4750E+02   1.2190E+00    1.7607E-05   1.3819E-06    2.7215E-01   2.1360E-02   3.0467E+00   6.2102E-02   
1.4850E+02   1.2273E+00    1.6143E-05   1.4183E-06    2.4952E-01   2.1922E-02   2.9795E+00   6.6631E-02   
1.4950E+02   1.2355E+00    1.4918E-05   1.4294E-06    2.3058E-01   2.2094E-02   2.9208E+00   6.9963E-02   
1.5050E+02   1.2438E+00    1.3792E-05   1.4250E-06    2.1318E-01   2.2026E-02   2.8647E+00   7.2694E-02   
1.5150E+02   1.2521E+00    1.2686E-05   1.3588E-06    1.9608E-01   2.1003E-02   2.8071E+00   7.2478E-02   
1.5250E+02   1.2603E+00    1.1333E-05   1.2668E-06    1.7517E-01   1.9581E-02   2.7329E+00   7.1833E-02   
1.5350E+02   1.2686E+00    9.4781E-06   1.2521E-06    1.4650E-01   1.9353E-02   2.6227E+00   7.8449E-02   
1.5450E+02   1.2769E+00    8.2810E-06   1.2651E-06    1.2800E-01   1.9554E-02   2.5451E+00   8.5654E-02   
1.5550E+02   1.2851E+00    7.2191E-06   1.2915E-06    1.1158E-01   1.9962E-02   2.4706E+00   9.4803E-02   
1.5650E+02   1.2934E+00    6.7873E-06   1.3253E-06    1.0491E-01   2.0485E-02   2.4385E+00   1.0097E-01   
1.5750E+02   1.3017E+00    5.8647E-06   1.3261E-06    9.0649E-02   2.0497E-02   2.3656E+00   1.1045E-01   
1.5850E+02   1.3099E+00    4.6164E-06   1.2719E-06    7.1354E-02   1.9659E-02   2.2551E+00   1.2311E-01   
1.5950E+02   1.3182E+00    3.3532E-06   1.2295E-06    5.1829E-02   1.9004E-02   2.1224E+00   1.4717E-01   
1.6050E+02   1.3264E+00    2.4825E-06   1.2023E-06    3.8371E-02   1.8584E-02   2.0109E+00   1.7885E-01   
1.6150E+02   1.3347E+00    2.6452E-06   1.1895E-06    4.0886E-02   1.8386E-02   2.0335E+00   1.6845E-01   
1.6250E+02   1.3430E+00    3.5503E-06   1.1991E-06    5.4876E-02   1.8534E-02   2.1450E+00   1.3783E-01   
1.6350E+02   1.3512E+00    4.6244E-06   1.2391E-06    7.1478E-02   1.9152E-02   2.2559E+00   1.1971E-01   
1.6450E+02   1.3595E+00    4.9296E-06   1.2657E-06    7.6195E-02   1.9564E-02   2.2844E+00   1.1744E-01   
1.6550E+02   1.3678E+00    4.3344E-06   1.2841E-06    6.6996E-02   1.9848E-02   2.2277E+00   1.2953E-01   
1.6650E+02   1.3760E+00    4.0867E-06   1.2548E-06    6.3167E-02   1.9395E-02   2.2026E+00   1.3147E-01   
1.6750E+02   1.3843E+00    4.2292E-06   1.1981E-06    6.5370E-02   1.8519E-02   2.2171E+00   1.2254E-01   
1.6850E+02   1.3926E+00    4.1347E-06   1.1699E-06    6.3909E-02   1.8083E-02   2.2075E+00   1.2135E-01   
1.6950E+02   1.4008E+00    3.3265E-06   1.1405E-06    5.1417E-02   1.7628E-02   2.1193E+00   1.3674E-01   
1.7050E+02   1.4091E+00    2.4325E-06   1.1447E-06    3.7598E-02   1.7693E-02   2.0038E+00   1.7205E-01   
1.7150E+02   1.4174E+00    1.7784E-06   1.2001E-06    2.7488E-02   1.8550E-02   1.9001E+00   2.3734E-01   
1.7250E+02   1.4256E+00    1.8193E-06   1.1924E-06    2.8120E-02   1.8431E-02   1.9073E+00   2.3030E-01   
1.7350E+02   1.4339E+00    2.2025E-06   1.1729E-06    3.4043E-02   1.8129E-02   1.9697E+00   1.9117E-01   
1.7450E+02   1.4421E+00    2.2078E-06   1.1479E-06    3.4125E-02   1.7743E-02   1.9706E+00   1.8617E-01   
1.7550E+02   1.4504E+00    1.4690E-06   1.1430E-06    2.2706E-02   1.7667E-02   1.8419E+00   2.7268E-01   
1.7650E+02   1.4587E+00    7.0962E-07   1.1896E-06    1.0968E-02   1.8387E-02   1.6495E+00   2.7154E-01   
1.7750E+02   1.4669E+00   -1.5670E-07   1.2160E-06   -2.4221E-03   1.8795E-02          NAN          NAN   
1.7850E+02   1.4752E+00   -6.0694E-07   1.2489E-06   -9.3813E-03   1.9304E-02          NAN          NAN   
1.7950E+02   1.4835E+00   -4.7802E-07   1.2800E-06   -7.3886E-03   1.9785E-02          NAN          NAN   
1.8050E+02   1.4917E+00    4.2145E-07   1.2721E-06    6.5142E-03   1.9662E-02   1.5346E+00   3.5034E-01   
1.8150E+02   1.5000E+00    7.9954E-07   1.2082E-06    1.2358E-02   1.8675E-02   1.6782E+00   2.6077E-01   
1.8250E+02   1.5083E+00    5.8455E-07   1.1491E-06    9.0352E-03   1.7761E-02   1.6048E+00   2.8741E-01   
1.8350E+02   1.5165E+00    4.0232E-07   1.1598E-06    6.2185E-03   1.7927E-02   1.5251E+00   3.3517E-01   
1.8450E+02   1.5248E+00    1.0417E-07   1.1819E-06    1.6101E-03   1.8268E-02   1.2929E+00   5.1062E-01   
1.8550E+02   1.5331E+00   -1.2539E-07   1.1851E-06   -1.9381E-03   1.8318E-02          NAN          NAN   
1.8650E+02   1.5413E+00   -3.3870E-07   1.1716E-06   -5.2352E-03   1.8109E-02          NAN          NAN   
1.8750E+02   1.5496E+00   -1.2577E-07   1.1796E-06   -1.9440E-03   1.8233E-02          NAN          NAN   
1.8850E+02   1.5579E+00   -3.3363E-07   1.1669E-06   -5.1568E-03   1.8036E-02          NAN          NAN   
1.8950E+02   1.5661E+00   -3.8246E-07   1.1591E-06   -5.9116E-03   1.7916E-02          NAN          NAN   
1.9050E+02   1.5744E+00   -1.5172E-07   1.1625E-06   -2.3451E-03   1.7968E-02          NAN          NAN   
1.9150E+02   1.5826E+00    5.0112E-07   1.1395E-06    7.7457E-03   1.7613E-02   1.5709E+00   3.0421E-01   
1.9250E+02   1.5909E+00    2.0242E-07   1.1023E-06    3.1287E-03   1.7038E-02   1.3975E+00   4.1008E-01   
1.9350E+02   1.5992E+00   -5.1268E-07   1.1113E-06   -7.9243E-03   1.7177E-02          NAN          NAN   
1.9450E+02   1.6074E+00   -6.3520E-07   1.1445E-06   -9.8181E-03   1.7690E-02          NAN          NAN   
1.9550E+02   1.6157E+00    2.2576E-07   1.1212E-06    3.4895E-03   1.7330E-02   1.4163E+00   4.0036E-01   
1.9650E+02   1.6240E+00    9.3650E-07   1.0904E-06    1.4475E-02   1.6854E-02   1.7179E+00   2.2418E-01   
1.9750E+02   1.6322E+00    1.2660E-06   1.0868E-06    1.9568E-02   1.6798E-02   1.7990E+00   3.0760E-01   
1.9850E+02   1.6405E+00    8.8954E-07   1.1054E-06    1.3749E-02   1.7086E-02   1.7048E+00   2.3210E-01   
1.9950E+02   1.6488E+00    4.5173E-07   1.1228E-06    6.9823E-03   1.7355E-02   1.5489E+00   3.1371E-01   
2.0050E+02   1.6570E+00    3.7300E-07   1.1132E-06    5.7654E-03   1.7206E-02   1.5099E+00   3.3547E-01   
2.0150E+02   1.6653E+00    5.4637E-07   1.0765E-06    8.4451E-03   1.6639E-02   1.5897E+00   2.8208E-01   
2.0250E+02   1.6736E+00    9.2224E-07   1.0687E-06    1.4255E-02   1.6519E-02   1.7140E+00   2.2226E-01   
2.0350E+02   1.6818E+00    7.8143E-07   1.0553E-06    1.2078E-02   1.6311E-02   1.6726E+00   2.3769E-01   
2.0450E+02   1.6901E+00    3.7200E-07   1.0542E-06    5.7499E-03   1.6294E-02   1.5094E+00   3.2388E-01   
2.0550E+02   1.6983E+00    4.4834E-07   1.0392E-06    6.9299E-03   1.6063E-02   1.5474E+00   2.9829E-01   
2.0650E+02   1.7066E+00    9.0556E-07   1.0234E-06    1.3997E-02   1.5818E-02   1.7093E+00   2.1666E-01   
2.0750E+02   1.7149E+00    1.2996E-06   1.0154E-06    2.0088E-02   1.5695E-02   1.8065E+00   2.6447E-01   
2.0850E+02   1.7231E+00    1.7511E-06   1.0453E-06    2.7066E-02   1.6157E-02   1.8953E+00   2.0274E-01   
2.0950E+02   1.7314E+00    1.6971E-06   1.0826E-06    2.6232E-02   1.6733E-02   1.8856E+00   2.1771E-01   
2.1050E+02   1.7397E+00    9.1588E-07   1.0738E-06    1.4156E-02   1.6597E-02   1.7122E+00   2.2382E-01   
2.1150E+02   1.7479E+00    2.1022E-07   1.0392E-06    3.2493E-03   1.6063E-02   1.4040E+00   3.9138E-01   
2.1250E+02   1.7562E+00    1.4104E-07   1.0467E-06    2.1800E-03   1.6179E-02   1.3386E+00   4.4267E-01   
2.1350E+02   1.7645E+00   -1.1641E-07   1.0848E-06   -1.7993E-03   1.6767E-02          NAN          NAN   
2.1450E+02   1.7727E+00    6.2953E-08   1.1080E-06    9.7305E-04   1.7126E-02   1.2234E+00   5.5391E-01   
2.1550E+02   1.7810E+00    2.9895E-07   1.0821E-06    4.6208E-03   1.6726E-02   1.4672E+00   3.5671E-01   
2.1650E+02   1.7893E+00    4.2723E-07   1.0663E-06    6.6036E-03   1.6481E-02   1.5374E+00   3.0948E-01   
2.1750E+02   1.7975E+00    3.4108E-07   1.0955E-06    5.2720E-03   1.6933E-02   1.4923E+00   3.4303E-01   
2.1850E+02   1.8058E+00    6.8393E-08   1.0831E-06    1.0571E-03   1.6741E-02   1.2343E+00   5.3840E-01   
2.1950E+02   1.8140E+00   -2.2502E-07   1.0287E-06   -3.4781E-03   1.5900E-02          NAN          NAN   
2.2050E+02   1.8223E+00   -4.3131E-07   1.0219E-06   -6.6666E-03   1.5795E-02          NAN          NAN   
2.2150E+02   1.8306E+00   -6.5744E-07   1.0444E-06   -1.0162E-02   1.6143E-02          NAN          NAN   
2.2250E+02   1.8388E+00   -2.7050E-07   1.0655E-06   -4.1810E-03   1.6469E-02          NAN          NAN   
2.2350E+02   1.8471E+00    6.7893E-07   1.0418E-06    1.0494E-02   1.6103E-02   1.6391E+00   2.5078E-01   
2.2450E+02   1.8554E+00    9.0491E-07   1.0442E-06    1.3987E-02   1.6140E-02   1.7092E+00   2.2020E-01   
2.2550E+02   1.8636E+00    5.7880E-07   1.0716E-06    8.9463E-03   1.6563E-02   1.6025E+00   2.7442E-01   
2.2650E+02   1.8719E+00    1.7881E-07   1.0605E-06    2.7638E-03   1.6392E-02   1.3767E+00   4.1637E-01   
2.2750E+02   1.8802E+00   -2.8421E-07   1.0561E-06   -4.3930E-03   1.6324E-02          NAN          NAN   
2.2850E+02   1.8884E+00   -1.0423E-06   1.0194E-06   -1.6111E-02   1.5757E-02          NAN          NAN   
2.2950E+02   1.8967E+00   -1.5302E-06   9.9227E-07   -2.3652E-02   1.5337E-02          NAN          NAN   
2.3050E+02   1.9050E+00   -1.5994E-06   9.8787E-07   -2.4721E-02   1.5269E-02          NAN          NAN   
2.3150E+02   1.9132E+00   -1.4004E-06   9.9447E-07   -2.1646E-02   1.5371E-02          NAN          NAN   
2.3250E+02   1.9215E+00   -7.9595E-07   9.9951E-07   -1.2303E-02   1.5449E-02          NAN          NAN   
2.3350E+02   1.9298E+00    1.0456E-07   1.0196E-06    1.6162E-03   1.5760E-02   1.2934E+00   4.7277E-01   
2.3450E+02   1.9380E+00    9.8153E-07   1.0219E-06    1.5171E-02   1.5795E-02   1.7301E+00   2.0821E-01   
2.3550E+02   1.9463E+00    1.5796E-06   1.0054E-06    2.4415E-02   1.5540E-02   1.8636E+00   2.1225E-01   
2.3650E+02   1.9545E+00    1.3463E-06   9.9519E-07    2.0809E-02   1.5382E-02   1.8165E+00   2.4631E-01   
2.3750E+02   1.9628E+00    7.4125E-07   9.9896E-07    1.1457E-02   1.5441E-02   1.6599E+00   2.3348E-01   
2.3850E+02   1.9711E+00   -3.2567E-09   1.0065E-06   -5.0338E-05   1.5557E-02          NAN          NAN   
2.3950E+02   1.9793E+00   -5.1289E-07   1.0126E-06   -7.9276E-03   1.5651E-02          NAN          NAN   
2.4050E+02   1.9876E+00   -8.0534E-07   1.0331E-06   -1.2448E-02   1.5968E-02          NAN          NAN   
2.4150E+02   1.9959E+00   -6.9273E-07   1.0617E-06   -1.0707E-02   1.6410E-02          NAN          NAN   
2.4250E+02   2.0041E+00   -7.2870E-07   1.0897E-06   -1.1263E-02   1.6843E-02          NAN          NAN   
2.4350E+02   2.0124E+00   -8.6907E-07   1.0793E-06   -1.3433E-02   1.6682E-02          NAN          NAN   
2.4450E+02   2.0207E+00   -6.5434E-07   1.0571E-06   -1.0114E-02   1.6339E-02          NAN          NAN   
2.4550E+02   2.0289E+00   -1.3783E-07   1.0050E-06   -2.1304E-03   1.5534E-02          NAN          NAN   
2.4650E+02   2.0372E+00    3.2673E-07   9.2009E-07    5.0502E-03   1.4222E-02   1.4840E+00   3.1072E-01   
2.4750E+02   2.0455E+00    7.0911E-07   9.1006E-07    1.0961E-02   1.4067E-02   1.6493E+00   2.2183E-01   
2.4850E+02   2.0537E+00    7.3762E-07   9.0997E-07    1.1401E-02   1.4065E-02   1.6587E+00   2.1775E-01   
2.4950E+02   2.0620E+00    8.6267E-07   9.3409E-07    1.3334E-02   1.4438E-02   1.6971E+00   2.0628E-01   
2.5050E+02   2.0702E+00    9.9493E-07   9.7090E-07    1.5378E-02   1.5007E-02   1.7336E+00   4.1134E-01   
2.5150E+02   2.0785E+00    1.0360E-06   9.8622E-07    1.6013E-02   1.5244E-02   1.7443E+00   3.7391E-01   
2.5250E+02   2.0868E+00    8.6207E-07   9.9543E-07    1.3325E-02   1.5386E-02   1.6969E+00   2.1699E-01   
2.5350E+02   2.0950E+00    5.1886E-07   9.9799E-07    8.0199E-03   1.5426E-02   1.5785E+00   2.7300E-01   
2.5450E+02   2.1033E+00    3.3620E-07   1.0014E-06    5.1965E-03   1.5478E-02   1.4895E+00   3.2513E-01   
2.5550E+02   2.1116E+00    2.1911E-07   9.8576E-07    3.3867E-03   1.5237E-02   1.4111E+00   3.7410E-01   
2.5650E+02   2.1198E+00    2.2291E-08   9.7135E-07    3.4455E-04   1.5014E-02   1.1014E+00   6.3184E-01   
2.5750E+02   2.1281E+00    1.9359E-07   9.7357E-07    2.9923E-03   1.5048E-02   1.3899E+00   3.8649E-01   
2.5850E+02   2.1364E+00    8.8441E-08   9.6327E-07    1.3670E-03   1.4889E-02   1.2694E+00   4.7883E-01   
2.5950E+02   2.1446E+00   -3.6890E-07   9.5633E-07   -5.7020E-03   1.4782E-02          NAN          NAN   
2.6050E+02   2.1529E+00   -8.6902E-07   9.9131E-07   -1.3432E-02   1.5322E-02          NAN          NAN   
2.6150E+02   2.1612E+00   -8.7510E-07   9.9768E-07   -1.3526E-02   1.5421E-02          NAN          NAN   
2.6250E+02   2.1694E+00   -1.7206E-07   9.7803E-07   -2.6595E-03   1.5117E-02          NAN          NAN   
2.6350E+02   2.1777E+00    7.6338E-07   9.8080E-07    1.1799E-02   1.5160E-02   1.6670E+00   2.2710E-01   
2.6450E+02   2.1860E+00    1.0629E-06   9.8900E-07    1.6429E-02   1.5287E-02   1.7511E+00   3.5072E-01   
2.6550E+02   2.1942E+00    3.5303E-07   9.9472E-07    5.4567E-03   1.5375E-02   1.4991E+00   3.1780E-01   
2.6650E+02   2.2025E+00   -9.4670E-07   1.0020E-06   -1.4633E-02   1.5488E-02          NAN          NAN   
2.6750E+02   2.2107E+00   -1.8621E-06   9.9455E-07   -2.8782E-02   1.5372E-02          NAN          NAN   
2.6850E+02   2.2190E+00   -2.0381E-06   9.6053E-07   -3.1502E-02   1.4847E-02          NAN          NAN   
2.6950E+02   2.2273E+00   -1.4353E-06   9.5592E-07   -2.2185E-02   1.4775E-02          NAN          NAN   
2.7050E+02   2.2355E+00   -6.3464E-07   9.8255E-07   -9.8094E-03   1.5187E-02          NAN          NAN   
2.7150E+02   2.2438E+00   -3.7336E-07   9.6777E-07   -5.7709E-03   1.4959E-02          NAN          NAN   
2.7250E+02   2.2521E+00   -5.6600E-07   9.6037E-07   -8.7485E-03   1.4844E-02          NAN          NAN   
2.7350E+02   2.2603E+00   -6.9789E-07   9.3516E-07   -1.0787E-02   1.4454E-02          NAN          NAN   
2.7450E+02   2.2686E+00   -4.6574E-07   9.0367E-07   -7.1988E-03   1.3968E-02          NAN          NAN   
2.7550E+02   2.2769E+00   -3.5191E-07   9.0133E-07   -5.4394E-03   1.3932E-02          NAN          NAN   
2.7650E+02   2.2851E+00   -1.4070E-07   9.0074E-07   -2.1748E-03   1.3922E-02          NAN          NAN   
2.7750E+02   2.2934E+00    3.6204E-07   9.0694E-07    5.5959E-03   1.4018E-02   1.5040E+00   2.9571E-01   
2.7850E+02   2.3017E+00    8.3716E-07   9.1269E-07    1.2940E-02   1.4107E-02   1.6896E+00   2.0548E-01   
2.7950E+02   2.3099E+00    1.1917E-06   9.0080E-07    1.8420E-02   1.3923E-02   1.7822E+00   2.4527E-01   
2.8050E+02   2.3182E+00    1.4784E-06   9.1570E-07    2.2851E-02   1.4154E-02   1.8438E+00   2.0101E-01   
2.8150E+02   2.3264E+00    1.6952E-06   9.4574E-07    2.6202E-02   1.4618E-02   1.8852E+00   1.8520E-01   
2.8250E+02   2.3347E+00    1.3344E-06   9.5809E-07    2.0625E-02   1.4809E-02   1.8140E+00   2.3584E-01   
2.8350E+02   2.3430E+00    7.6694E-07   9.5876E-07    1.1854E-02   1.4819E-02   1.6681E+00   2.2265E-01   
2.8450E+02   2.3512E+00    3.7743E-09   9.3658E-07    5.8338E-05   1.4476E-02   9.4097E-01   7.7802E-01   
2.8550E+02   2.3595E+00   -3.7492E-07   9.1455E-07   -5.7950E-03   1.4136E-02          NAN          NAN   
2.8650E+02   2.3678E+00   -2.8849E-07   9.0785E-07   -4.4591E-03   1.4032E-02          NAN          NAN   
2.8750E+02   2.3760E+00   -1.0228E-07   9.1684E-07   -1.5809E-03   1.4171E-02          NAN          NAN   
2.8850E+02   2.3843E+00   -3.7464E-07   8.9522E-07   -5.7907E-03   1.3837E-02          NAN          NAN   
2.8950E+02   2.3926E+00   -8.6473E-07   8.7301E-07   -1.3366E-02   1.3494E-02          NAN          NAN   
2.9050E+02   2.4008E+00   -1.1764E-06   8.9453E-07   -1.8183E-02   1.3826E-02          NAN          NAN   
2.9150E+02   2.4091E+00   -1.2437E-06   9.1617E-07   -1.9224E-02   1.4161E-02          NAN          NAN   
2.9250E+02   2.4174E+00   -7.7483E-07   8.9811E-07   -1.1976E-02   1.3882E-02          NAN          NAN   
2.9350E+02   2.4256E+00   -2.2964E-07   8.7808E-07   -3.5495E-03   1.3572E-02          NAN          NAN   
2.9450E+02   2.4339E+00    1.7386E-08   8.8511E-07    2.6873E-04   1.3681E-02   1.0758E+00   6.3271E-01   
2.9550E+02   2.4421E+00   -4.2488E-07   8.9242E-07   -6.5672E-03   1.3794E-02          NAN          NAN   
2.9650E+02   2.4504E+00   -1.8773E-07   8.8795E-07   -2.9017E-03   1.3725E-02          NAN          NAN   
2.9750E+02   2.4587E+00    6.4298E-07   8.8669E-07    9.9384E-03   1.3705E-02   1.6264E+00   2.2754E-01   
2.9850E+02   2.4669E+00    9.5884E-07   8.8644E-07    1.4821E-02   1.3701E-02   1.7240E+00   3.3493E-01   
2.9950E+02   2.4752E+00    4.7857E-07   8.7415E-07    7.3971E-03   1.3511E-02   1.5611E+00   2.5681E-01   
